[experiment]
cooling_det = -2.0
repump_det = 0.0
s = 10.0

[output]
filename = '17_out.csv'

[velocities]
points = 1
v0 = -0.13200000000000001
vf = -0.13200000000000001