[experiment]
cooling_det = -2.0
repump_det = 0.0
s = 10.0

[output]
filename = '26_out.csv'

[velocities]
points = 1
v0 = -0.096000000000000002
vf = -0.096000000000000002