[experiment]
cooling_det = -2.0
repump_det = 0.0
s = 10.0

[output]
filename = '29_out.csv'

[velocities]
points = 1
v0 = -0.084000000000000005
vf = -0.084000000000000005