[experiment]
cooling_det = -2.0
repump_det = 0.0
s = 10.0

[output]
filename = '31_out.csv'

[velocities]
points = 1
v0 = -0.075999999999999998
vf = -0.075999999999999998