[experiment]
cooling_det = -2.0
repump_det = 0.0
s = 10.0

[output]
filename = '6_out.csv'

[velocities]
points = 1
v0 = -0.17599999999999999
vf = -0.17599999999999999