[experiment]
cooling_det = -2.0
repump_det = 0.0
s = 10.0

[output]
filename = '72_out.csv'

[velocities]
points = 1
v0 = 0.087999999999999995
vf = 0.087999999999999995